59496
56528
37280
24239
18192
42336
25703
54310
14590
44774
16267
39857
33981
7990
24931
59521
62505
37736
33392
48031
27412
10148
9392
61560
16263
57699
5073
8293
38488
30293
22121
64859
43192
14072
21116
2893
7010
11125
11256
20311
33671
55138
55657
33219
63841
18030
13762
3703
8770
58455
35929
7394
29868
42655
2552
32531
65091
27173
57795
46491
38441
21160
17075
48528
60374
62004
55512
38261
9277
781
8388
59277
57868
21500
22951
4637
27463
62807
10205
31451
46110
51326
46249
16472
5390
56563
13318
40182
22380
55501
38474
47376
8118
24426
56199
61383
63039
40012
2600
16766
48671
59845
27553
37608
7396
57241
6432
34228
36026
54563
29152
62133
50106
14669
9321
64271
3895
49386
36555
4329
54851
50706
24406
28227
56488
49419
16953
1158
7278
16823
45168
46875
14569
32571
31906
35151
6281
30511
53773
35349
7030
46643
1062
39188
33193
36287
49565
26225
52470
32316
10024
13195
32617
36284
27708
11627
22055
47792
51620
43916
45392
37776
3667
1438
62461
38947
38336
2772
22865
35838
60240
52192
42503
29542
64292
24496
46613
204
55752
30985
46468
45468
46105
4664
46871
29007
40826
37495
50360
2568
47762
45300
47558
61065
16406
61755
36692
33364
62088
65298
60455
14017
12471
59986
1566
58990
21073
28812
18097
22746
55670
10308
55588
54602
64739
43748
52313
64454
60805
21775
54547
37917
38181
4947
58648
49880
59826
2377
45469
47582
3264
60818
13385
60380
30798
21443
4082
27938
21524
4251
16825
12334
37067
37682
29108
24233
39993
49413
43340
9789
59535
18843
57854
58150
20288
53983
19058
56622
45527
1922
58193
36633
32276
53037
7675
12435
46244
35622
63121
32718
18090
31581
60906
24162
34057
46665
47184
3278
41066
52078
10319
48555
63831
2878
9000
62809
4085
63886
27487
4265
2554
63560
65235
15803
65214
14443
13899
53560
62486
22161
58688
55430
54803
14214
24443
722
53019
10280
36840
59408
34952
31543
36422
35213
50412
52956
20740
56508
59372
23609
64322
49601
50015
44007
46469
62692
307
23786
10176
6241
52507
22200
19925
43895
47865
25757
4631
45073
1822
24407
34006
29344
7827
23450
43470
45978
16253
57116
15776
45049
1742
38075
60366
53824
61728
61651
43491
20534
27339
27578
7196
34581
46986
34677
27662
28733
7838
33180
2009
14426
48364
266
41346
35349
44709
2776
6013
61560
60447
16747
57985
19504
60846
46362
16004
28207
38715
5873
40611
49637
59753
50373
33556
36355
53994
10566
32237
48175
15298
11417
60742
39683
64937
47330
38897
31235
6936
35867
11027
59755
51609
1017
25469
26567
7797
13217
6953
14796
42648
15313
15044
28103
26154
34604
48648
51121
39348
37840
12562
44470
48271
23392
49730
37613
26181
6578
49255
49032
19892
12884
64959
26375
27693
46272
34452
30267
51272
36872
43842
24697
50709
57335
58034
62824
5387
63660
12478
13231
422
29026
50452
26780
21890
36123
34835
17912
17167
1853
27901
64993
34261
42021
8526
48356
50276
33158
8394
56568
61687
12690
14992
1201
26770
17686
9820
46363
41363
17920
14109
62152
35077
58231
25308
9055
7512
29936
29777
38261
15418
10491
4668
41982
921
30905
30831
63054
4821
32986
63491
63781
39781
65074
7301
37110
45048
5467
17483
61966
63617
7233
32743
1077
45292
4151
10494
17795
8692
40359
10472
36758
3941
58841
50360
49933
36873
60847
46052
17400
35056
42013
39387
30326
27376
10922
54979
27078
40258
54181
16835
31065
11888
39753
19569
33743
25748
39160
27925
5860
47690
34373
28941
33250
54829
26877
35751
38421
25151
13815
62661
10925
5833
53886
42881
30468
17374
50096
4243
32910
3469
38095
6102
12307
904
8470
5471
59714
52640
31172
45593
32778
5452
47033
828
11429
22958
12165
2177
14977
57751
57779
5041
62212
58850
44286
5775
3096
26822
28687
51039
18329
1049
33262
30083
5216
33824
28202
5214
51259
5474
53719
54206
23414
34256
21362
51244
38758
62227
40782
62353
6581
50386
57120
3343
55824
245
31605
59112
32770
38136
60359
18477
34562
49500
41876
38604
12168
18031
41711
13020
37280
37676
5409
59083
55288
2939
39690
9938
1619
31005
9904
60825
33696
3654
37997
4676
33555
43196
49807
52621
61671
37865
48177
28187
37545
9991
30225
45270
63750
50482
38425
56771
54715
59286
9932
20084
27649
39087
61668
54609
37050
47789
25924
9827
64076
25858
37545
49136
10800
54716
721
21628
48279
54687
40226
42452
24867
59663
50872
29435
43673
22360
1029
15926
34676
33989
56506
34485
55795
38253
53709
44796
55411
1618
56741
22625
44660
19198
24987
63779
6172
26386
8348
61317
15708
32790
9995
13839
940
3003
23068
7401
1370
17579
5919
22342
49275
9148
27656
9131
50548
8007
18337
3916
25177
16077
45106
39238
44306
45121
58538
59295
54994
32311
62762
34345
22476
32175
11803
19718
65305
11947
56151
43453
1994
30586
51521
34990
34433
42658
16017
34288
22978
34375
21740
12761
4025
64672
57038
32669
15858
25357
55484
41225
42818
34770
34967
62064
22943
2197
23139
21231
1482
9444
37961
36889
5349
19267
40470
63119
4451
59404
45424
50161
33023
34519
55692
5976
14531
15508
39336
7527
62278
56582
60187
61738
47110
29048
29917
62662
43386
13100
30964
379
37534
23000
28380
38721
3125
63582
13950
22056
4708
63302
15488
18510
11404
49324
28752
28564
59392
6982
5364
20401
59958
60770
59732
51493
40212
35968
61913
7378
51145
60791
1542
49227
58593
33649
48964
16692
53989
7332
15596
40847
31831
16800
33504
42285
11858
60084
50591
2146
46781
7601
26550
58162
48240
49163
35353
54195
34923
40391
2637
10066
8330
1926
28696
50797
56642
8475
22337
18886
52687
57631
10956
9325
19672
10423
52342
7323
8985
17402
59160
16805
51846
34484
62333
3553
41665
49616
20262
44637
50125
39546
31201
20726
11812
45276
37904
32978
15298
18383
25187
47802
52371
15533
26336
35769
54904
34238
26732
24032
60890
49554
3122
1601
29584
14755
54570
48533
18592
57740
32
18355
60266
37347
46117
7734
27958
62683
62046
48591
48809
15130
35660
5341
58788
54190
15529
12909
3060
39366
30905
63452
17424
31112
22497
51732
60463
43465
57006
15254
53442
44622
15993
57994
27030
17458
38036
6194
41322
46125
7458
7568
41588
21290
59886
3613
50014
62637
11459
